image_width: 2064
image_height: 1544
camera_name: "camera" #"PhoXi3DScan-jEj-102"
camera_matrix:
  rows: 3
  cols: 3
  data: [2365.92288016778184, 0.0, 1011.05632656581156, 0.0, 2366.67344078947008, 735.900257197988481, 0.0, 0.0, 1.0]
distortion_model: "plumb_bob"
distortion_coefficients: #ks
  rows: 1
  cols: 5
  data: [-0.245184534507841501, 0.155854068039361277, 0.000531647824543763454, 0.000853134218527411953, -0.0161541523574941955]
rectification_matrix: #
  rows: 3
  cols: 3
  data: [1, 0, 0, 0, 1, 0, 0, 0, 1]
projection_matrix:
  rows: 3
  cols: 4
  data: [2365.92288016778184, 0.0, 1011.05632656581156, 0.0, 0.0, 2366.67344078947008, 735.900257197988481, 0.0, 0.0, 0.0, 1.0, 0.0]
#CalibrationSettings:
#  FocusLength: 8.16372865365125833e+00
#  PixelSize: 3.44999999999999994e-03 x 3.44999999999999994e-03
#  CameraMatrix:
#    [2.36592288016778184e+03, 0.00000000000000000e+00, 1.01105632656581156e+03]
#    [0.00000000000000000e+00, 2.36667344078947008e+03, 7.35900257197988481e+02]
#    [0.00000000000000000e+00, 0.00000000000000000e+00, 1.00000000000000000e+00]
#  DistortionCoefficients:
#    Format is the following:
#    (k1, k2, p1, p2[, k3[, k4, k5, k6[, s1, s2, s3, s4[, tx, ty]]]])
# (-2.45184534507841501e-01, 1.55854068039361277e-01, 5.31647824543763454e-04, 8.53134218527411953e-04[, -1.61541523574941955e-02[, 0.00000000000000000e+00, 0.00000000000000000e+00, 0.00000000000000000e+00[, 0.00000000000000000e+00, 0.00000000000000000e+00, 0.00000000000000000e+00, 0.00000000000000000e+00[, 0.00000000000000000e+00, 0.00000000000000000e+00]]]])
